TABLE NO.     1: First Order Conditional Estimation with Interaction: Problem=1 Subproblem=0 Superproblem1=0 Iteration1=0 Superproblem2=0 Iteration2=0
 NAME         THETA1       THETA2       THETA3       THETA4       THETA5       THETA6       THETA7       SIGMA(1,1)   SIGMA(2,1)   SIGMA(2,2)   OMEGA(1,1)   OMEGA(2,1)   OMEGA(2,2)   OMEGA(3,1)   OMEGA(3,2)   OMEGA(3,3)
 THETA1        8.71267E-01  7.93743E-01  1.06020E-03  6.35737E-02 -1.70973E+00 -4.17786E-02 -1.78469E-01 -5.19625E-04  0.00000E+00  2.08228E-02  6.14904E-03 -2.35367E-04 -4.42159E-03 -5.42667E-03 -2.59935E-03 -3.35106E-03
 THETA2        7.93743E-01  4.74745E+00  6.67903E-03  8.96447E-01  5.27687E+00 -2.57401E-02  6.71815E-02 -3.11866E-03  0.00000E+00  1.91084E-02  5.73689E-03 -2.19910E-02 -2.45129E-02 -1.95871E-02 -1.12183E-02  4.78159E-03
 THETA3        1.06020E-03  6.67903E-03  2.75837E-05  2.22133E-03 -3.06041E-02 -1.05729E-04 -1.36544E-04 -1.02665E-05  0.00000E+00  5.93436E-05  3.10386E-06 -6.51162E-05 -7.81953E-05 -6.75915E-05 -2.75708E-05  2.83067E-05
 THETA4        6.35737E-02  8.96447E-01  2.22133E-03  2.86881E-01  1.82652E-01 -1.06557E-02  1.54095E-02 -6.28684E-04  0.00000E+00  2.56568E-03  4.29459E-03 -6.21484E-03 -7.79279E-03 -4.55339E-03 -2.25104E-03  3.07176E-03
 THETA5       -1.70973E+00  5.27687E+00 -3.06041E-02  1.82652E-01  5.66067E+02  7.85196E-01 -6.43889E-01  4.57130E-02  0.00000E+00 -4.27855E-01  2.75732E-01  1.61576E-01  2.83291E-02 -5.59481E-03  7.46735E-02 -3.44480E-02
 THETA6       -4.17786E-02 -2.57401E-02 -1.05729E-04 -1.06557E-02  7.85196E-01  1.30025E-02  7.12296E-04  1.22220E-04  0.00000E+00 -1.10178E-03  1.64874E-03  3.05286E-04  6.00870E-04 -5.28767E-04 -5.23884E-05 -3.34732E-04
 THETA7       -1.78469E-01  6.71815E-02 -1.36544E-04  1.54095E-02 -6.43889E-01  7.12296E-04  1.13980E-01  1.15352E-04  0.00000E+00 -5.02226E-03 -7.05514E-03 -3.00438E-03  2.76502E-05  2.48994E-03 -3.10024E-04  8.33640E-05
 SIGMA(1,1)   -5.19625E-04 -3.11866E-03 -1.02665E-05 -6.28684E-04  4.57130E-02  1.22220E-04  1.15352E-04  2.89872E-05  0.00000E+00 -1.84493E-04 -2.10225E-05 -9.82948E-06 -2.53557E-06  5.14967E-06 -3.25026E-06 -1.66826E-05
 SIGMA(2,1)    0.00000E+00  0.00000E+00  0.00000E+00  0.00000E+00  0.00000E+00  0.00000E+00  0.00000E+00  0.00000E+00  0.00000E+00  0.00000E+00  0.00000E+00  0.00000E+00  0.00000E+00  0.00000E+00  0.00000E+00  0.00000E+00
 SIGMA(2,2)    2.08228E-02  1.91084E-02  5.93436E-05  2.56568E-03 -4.27855E-01 -1.10178E-03 -5.02226E-03 -1.84493E-04  0.00000E+00  4.57710E-03  3.08173E-04  2.70619E-04  8.89606E-05 -1.66042E-04  3.77172E-05 -1.76624E-04
 OMEGA(1,1)    6.14904E-03  5.73689E-03  3.10386E-06  4.29459E-03  2.75732E-01  1.64874E-03 -7.05514E-03 -2.10225E-05  0.00000E+00  3.08173E-04  2.38561E-03  7.81280E-04  2.62254E-04 -1.38731E-04  1.52310E-04 -5.85615E-05
 OMEGA(2,1)   -2.35367E-04 -2.19910E-02 -6.51162E-05 -6.21484E-03  1.61576E-01  3.05286E-04 -3.00438E-03 -9.82948E-06  0.00000E+00  2.70619E-04  7.81280E-04  1.01844E-03  8.19995E-04  1.35240E-04  1.70322E-04 -1.60180E-04
 OMEGA(2,2)   -4.42159E-03 -2.45129E-02 -7.81953E-05 -7.79279E-03  2.83291E-02  6.00870E-04  2.76502E-05 -2.53557E-06  0.00000E+00  8.89606E-05  2.62254E-04  8.19995E-04  9.83187E-04  2.10486E-04  7.14371E-05 -1.95782E-04
 OMEGA(3,1)   -5.42667E-03 -1.95871E-02 -6.75915E-05 -4.55339E-03 -5.59481E-03 -5.28767E-04  2.48994E-03  5.14967E-06  0.00000E+00 -1.66042E-04 -1.38731E-04  1.35240E-04  2.10486E-04  4.02913E-04  1.60457E-04 -4.86470E-05
 OMEGA(3,2)   -2.59935E-03 -1.12183E-02 -2.75708E-05 -2.25104E-03  7.46735E-02 -5.23884E-05 -3.10024E-04 -3.25026E-06  0.00000E+00  3.77172E-05  1.52310E-04  1.70322E-04  7.14371E-05  1.60457E-04  1.80306E-04 -2.41651E-05
 OMEGA(3,3)   -3.35106E-03  4.78159E-03  2.83067E-05  3.07176E-03 -3.44480E-02 -3.34732E-04  8.33640E-05 -1.66826E-05  0.00000E+00 -1.76624E-04 -5.85615E-05 -1.60180E-04 -1.95782E-04 -4.86470E-05 -2.41651E-05  2.61752E-04
