TABLE NO.     1: First Order Conditional Estimation with Interaction: Problem=1 Subproblem=0 Superproblem1=0 Iteration1=0 Superproblem2=0 Iteration2=0
 NAME         THETA1       THETA2       THETA3       THETA4       THETA5       THETA6       THETA7       THETA8       THETA9       THETA10      THETA11      THETA12      THETA13      THETA14      THETA15      THETA16      SIGMA(1,1)   SIGMA(2,1)   SIGMA(2,2)   OMEGA(1,1)   OMEGA(2,1)   OMEGA(2,2)   OMEGA(3,1)   OMEGA(3,2)   OMEGA(3,3)
 THETA1        9.83173E-02 -1.03685E-03  5.17559E+00  4.17085E-01 -4.35559E-01 -2.17627E-02  3.29827E-04 -2.53878E-01 -4.86776E+00 -4.10632E+00  9.20550E-02  8.75317E-02  1.51105E+00  8.26435E-01  2.63399E+00 -9.34750E-01  5.18245E-01  0.00000E+00 -5.76252E-02 -3.05898E+00  0.00000E+00 -2.89201E-01  0.00000E+00  0.00000E+00 -4.96686E-01
 THETA2       -1.03685E-03  6.53193E-05 -2.70378E-01 -2.12462E-02  1.07677E-01  2.00399E-04 -1.28161E-05  3.29834E-02  4.18218E-02  6.16084E-02 -2.16796E-02 -2.62107E-03 -2.05265E-02 -6.04947E-02 -3.81234E-02  5.05741E-02 -8.42136E-02  0.00000E+00  9.05487E-04 -4.53679E-02  0.00000E+00 -1.55764E-02  0.00000E+00  0.00000E+00  1.14876E-02
 THETA3        5.17559E+00 -2.70378E-01  7.38159E+03 -7.33595E+01  1.40882E+03 -2.24445E+00 -4.07594E-02 -2.72517E+02 -3.56369E+02 -6.13921E+01 -2.47502E+02  1.09898E+01  3.31945E+01  4.10636E+02  1.58984E+02 -1.13708E+03 -2.12931E+03  0.00000E+00 -4.31510E+00 -9.10469E+01  0.00000E+00  4.06040E+02  0.00000E+00  0.00000E+00 -1.74517E+02
 THETA4        4.17085E-01 -2.12462E-02 -7.33595E+01  2.02778E+02 -2.84277E+02  2.13185E-01  1.70675E-02 -4.51672E+01 -8.25177E+01 -9.87130E+01  1.54160E+02  1.21576E+00 -2.66689E+01  2.14871E+01  1.37940E+00 -9.73119E+00  4.06254E+02  0.00000E+00 -1.54610E+00  1.42936E+02  0.00000E+00 -1.99849E+00  0.00000E+00  0.00000E+00  1.44397E+01
 THETA5       -4.35559E-01  1.07677E-01  1.40882E+03 -2.84277E+02  1.44376E+03  8.02085E-01 -4.96260E-02  1.39642E+02  4.39873E+01  1.96654E+02 -5.35433E+02 -2.66757E+00  4.43127E-01 -4.95563E+01  3.51132E+02 -3.09962E+00 -1.34121E+03  0.00000E+00  7.57970E+00 -1.95572E+02  0.00000E+00  7.65331E+01  0.00000E+00  0.00000E+00 -2.09076E+01
 THETA6       -2.17627E-02  2.00399E-04 -2.24445E+00  2.13185E-01  8.02085E-01  9.24333E-02  6.09937E-04  3.23745E-01  1.24420E+00  9.82320E-01  1.76573E-01 -2.89927E-02 -3.45861E-01  9.34674E-01  2.80394E+00  1.06324E+00 -1.22290E+01  0.00000E+00  1.44677E-01  1.40396E-02  0.00000E+00  5.12319E-01  0.00000E+00  0.00000E+00  1.57892E+00
 THETA7        3.29827E-04 -1.28161E-05 -4.07594E-02  1.70675E-02 -4.96260E-02  6.09937E-04  7.93096E-05 -3.18963E-02 -1.49117E-02 -1.42004E-02  6.95989E-03  2.31644E-04  2.97416E-03  1.24713E-02  3.19024E-01 -1.85667E-03  1.06760E-01  0.00000E+00  3.41987E-03  3.37297E-03  0.00000E+00 -1.03250E-02  0.00000E+00  0.00000E+00  3.36659E-03
 THETA8       -2.53878E-01  3.29834E-02 -2.72517E+02 -4.51672E+01  1.39642E+02  3.23745E-01 -3.18963E-02  2.76320E+03  2.07698E+01  6.35503E+01 -4.79400E+01  5.36139E-01  5.58105E+00 -3.98786E+01 -2.63034E+02  1.03915E+01  1.03781E+03  0.00000E+00  4.17971E+00  7.63639E+00  0.00000E+00 -8.44002E+01  0.00000E+00  0.00000E+00 -2.39407E+02
 THETA9       -4.86776E+00  4.18218E-02 -3.56369E+02 -8.25177E+01  4.39873E+01  1.24420E+00 -1.49117E-02  2.07698E+01  6.65147E+02  2.27177E+02 -4.37297E-01 -1.16111E+00 -2.60861E+00 -1.17980E+02 -1.60679E+02  1.06206E+02 -3.13718E+02  0.00000E+00  6.06645E+00  3.92582E+01  0.00000E+00  2.49250E+01  0.00000E+00  0.00000E+00  4.59110E+00
 THETA10      -4.10632E+00  6.16084E-02 -6.13921E+01 -9.87130E+01  1.96654E+02  9.82320E-01 -1.42004E-02  6.35503E+01  2.27177E+02  9.61332E+02  4.58804E+01 -2.32437E+01 -4.42880E+01 -5.62976E+01  7.97741E+01  5.75170E+01  2.80148E+01  0.00000E+00  3.50174E+00 -2.21704E+02  0.00000E+00  5.09062E+01  0.00000E+00  0.00000E+00  1.64615E+01
 THETA11       9.20550E-02 -2.16796E-02 -2.47502E+02  1.54160E+02 -5.35433E+02  1.76573E-01  6.95989E-03 -4.79400E+01 -4.37297E-01  4.58804E+01  6.68534E+02  6.24494E-01 -3.98632E+01  1.23789E+01 -1.53392E+02 -5.98189E-02  4.78323E+02  0.00000E+00 -2.18142E+00 -1.50838E+02  0.00000E+00 -7.53731E+00  0.00000E+00  0.00000E+00  1.85138E+01
 THETA12       8.75317E-02 -2.62107E-03  1.09898E+01  1.21576E+00 -2.66757E+00 -2.89927E-02  2.31644E-04  5.36139E-01 -1.16111E+00 -2.32437E+01  6.24494E-01  1.05919E+01  1.27290E+00  1.33392E+00 -2.82972E+00 -1.47564E+00 -2.44320E+01  0.00000E+00 -6.66907E-02  2.95391E+00  0.00000E+00 -3.37912E+00  0.00000E+00  0.00000E+00 -8.94305E-01
 THETA13       1.51105E+00 -2.05265E-02  3.31945E+01 -2.66689E+01  4.43127E-01 -3.45861E-01  2.97416E-03  5.58105E+00 -2.60861E+00 -4.42880E+01 -3.98632E+01  1.27290E+00  2.53382E+02  4.16319E+00 -6.54513E+00  4.33978E-01 -1.23695E+02  0.00000E+00 -2.50092E-01  8.58717E+01  0.00000E+00 -2.39748E+01  0.00000E+00  0.00000E+00 -8.86412E+00
 THETA14       8.26435E-01 -6.04947E-02  4.10636E+02  2.14871E+01 -4.95563E+01  9.34674E-01  1.24713E-02 -3.98786E+01 -1.17980E+02 -5.62976E+01  1.23789E+01  1.33392E+00  4.16319E+00  1.89251E+02  1.27474E+01 -1.19095E+02 -4.95542E+01  0.00000E+00  3.29046E-01  1.12943E+01  0.00000E+00 -3.46988E+01  0.00000E+00  0.00000E+00  3.08037E+01
 THETA15       2.63399E+00 -3.81234E-02  1.58984E+02  1.37940E+00  3.51132E+02  2.80394E+00  3.19024E-01 -2.63034E+02 -1.60679E+02  7.97741E+01 -1.53392E+02 -2.82972E+00 -6.54513E+00  1.27474E+01  5.06024E+03  5.10755E+01 -2.21437E+03  0.00000E+00  1.05985E+01 -3.16996E+02  0.00000E+00  4.18356E+02  0.00000E+00  0.00000E+00  1.01438E+02
 THETA16      -9.34750E-01  5.05741E-02 -1.13708E+03 -9.73119E+00 -3.09962E+00  1.06324E+00 -1.85667E-03  1.03915E+01  1.06206E+02  5.75170E+01 -5.98189E-02 -1.47564E+00  4.33978E-01 -1.19095E+02  5.10755E+01  3.18962E+02  4.32947E+02  0.00000E+00  2.92144E+00 -2.30347E+01  0.00000E+00 -3.30359E+01  0.00000E+00  0.00000E+00  5.16709E+01
 SIGMA(1,1)    5.18245E-01 -8.42136E-02 -2.12931E+03  4.06254E+02 -1.34121E+03 -1.22290E+01  1.06760E-01  1.03781E+03 -3.13718E+02  2.80148E+01  4.78323E+02 -2.44320E+01 -1.23695E+02 -4.95542E+01 -2.21437E+03  4.32947E+02  5.93345E+04  0.00000E+00  2.18196E+01  4.82031E+02  0.00000E+00 -4.70663E+02  0.00000E+00  0.00000E+00 -2.34555E+00
 SIGMA(2,1)    0.00000E+00  0.00000E+00  0.00000E+00  0.00000E+00  0.00000E+00  0.00000E+00  0.00000E+00  0.00000E+00  0.00000E+00  0.00000E+00  0.00000E+00  0.00000E+00  0.00000E+00  0.00000E+00  0.00000E+00  0.00000E+00  0.00000E+00  0.00000E+00  0.00000E+00  0.00000E+00  0.00000E+00  0.00000E+00  0.00000E+00  0.00000E+00  0.00000E+00
 SIGMA(2,2)   -5.76252E-02  9.05487E-04 -4.31510E+00 -1.54610E+00  7.57970E+00  1.44677E-01  3.41987E-03  4.17971E+00  6.06645E+00  3.50174E+00 -2.18142E+00 -6.66907E-02 -2.50092E-01  3.29046E-01  1.05985E+01  2.92144E+00  2.18196E+01  0.00000E+00  1.41825E+00 -8.24736E+00  0.00000E+00 -1.90977E+00  0.00000E+00  0.00000E+00  2.56523E+00
 OMEGA(1,1)   -3.05898E+00 -4.53679E-02 -9.10469E+01  1.42936E+02 -1.95572E+02  1.40396E-02  3.37297E-03  7.63639E+00  3.92582E+01 -2.21704E+02 -1.50838E+02  2.95391E+00  8.58717E+01  1.12943E+01 -3.16996E+02 -2.30347E+01  4.82031E+02  0.00000E+00 -8.24736E+00  6.92171E+03  0.00000E+00 -1.58188E+02  0.00000E+00  0.00000E+00 -8.98432E+01
 OMEGA(2,1)    0.00000E+00  0.00000E+00  0.00000E+00  0.00000E+00  0.00000E+00  0.00000E+00  0.00000E+00  0.00000E+00  0.00000E+00  0.00000E+00  0.00000E+00  0.00000E+00  0.00000E+00  0.00000E+00  0.00000E+00  0.00000E+00  0.00000E+00  0.00000E+00  0.00000E+00  0.00000E+00  0.00000E+00  0.00000E+00  0.00000E+00  0.00000E+00  0.00000E+00
 OMEGA(2,2)   -2.89201E-01 -1.55764E-02  4.06040E+02 -1.99849E+00  7.65331E+01  5.12319E-01 -1.03250E-02 -8.44002E+01  2.49250E+01  5.09062E+01 -7.53731E+00 -3.37912E+00 -2.39748E+01 -3.46988E+01  4.18356E+02 -3.30359E+01 -4.70663E+02  0.00000E+00 -1.90977E+00 -1.58188E+02  0.00000E+00  3.79538E+02  0.00000E+00  0.00000E+00 -8.69163E+01
 OMEGA(3,1)    0.00000E+00  0.00000E+00  0.00000E+00  0.00000E+00  0.00000E+00  0.00000E+00  0.00000E+00  0.00000E+00  0.00000E+00  0.00000E+00  0.00000E+00  0.00000E+00  0.00000E+00  0.00000E+00  0.00000E+00  0.00000E+00  0.00000E+00  0.00000E+00  0.00000E+00  0.00000E+00  0.00000E+00  0.00000E+00  0.00000E+00  0.00000E+00  0.00000E+00
 OMEGA(3,2)    0.00000E+00  0.00000E+00  0.00000E+00  0.00000E+00  0.00000E+00  0.00000E+00  0.00000E+00  0.00000E+00  0.00000E+00  0.00000E+00  0.00000E+00  0.00000E+00  0.00000E+00  0.00000E+00  0.00000E+00  0.00000E+00  0.00000E+00  0.00000E+00  0.00000E+00  0.00000E+00  0.00000E+00  0.00000E+00  0.00000E+00  0.00000E+00  0.00000E+00
 OMEGA(3,3)   -4.96686E-01  1.14876E-02 -1.74517E+02  1.44397E+01 -2.09076E+01  1.57892E+00  3.36659E-03 -2.39407E+02  4.59110E+00  1.64615E+01  1.85138E+01 -8.94305E-01 -8.86412E+00  3.08037E+01  1.01438E+02  5.16709E+01 -2.34555E+00  0.00000E+00  2.56523E+00 -8.98432E+01  0.00000E+00 -8.69163E+01  0.00000E+00  0.00000E+00  1.96183E+02
