TABLE NO.     1: First Order Conditional Estimation with Interaction: Problem=1 Subproblem=0 Superproblem1=0 Iteration1=0 Superproblem2=0 Iteration2=0
 NAME         THETA1       THETA2       THETA3       THETA4       THETA5       THETA6       THETA7       THETA8       THETA9       THETA10      THETA11      THETA12      THETA13      THETA14      THETA15      THETA16      SIGMA(1,1)   SIGMA(2,1)   SIGMA(2,2)   OMEGA(1,1)   OMEGA(2,1)   OMEGA(2,2)   OMEGA(3,1)   OMEGA(3,2)   OMEGA(3,3)
 THETA1        2.94003E+01  7.19207E+02  4.73112E-02 -3.18520E-02 -1.32885E-01 -7.07727E-01 -1.55170E+01  6.17105E-03  1.84425E-01  6.51826E-02 -7.31756E-02  4.53275E-02 -1.29762E-01  2.11852E-01 -4.49917E-03  1.47192E-01 -2.09080E-04  0.00000E+00  3.79237E-01  1.81688E-02  0.00000E+00  5.16093E-02  0.00000E+00  0.00000E+00  2.40648E-02
 THETA2        7.19207E+02  1.10767E+05  1.21784E+01 -1.28491E+01 -2.49866E+01 -3.88873E+02  3.47345E+03  7.92744E-01  5.06235E+00 -2.68185E-01 -8.76334E+00  4.81024E+00 -1.15439E+00  3.26117E+01  1.22860E+00  4.01261E+01 -1.18760E-01  0.00000E+00  2.96053E+01  6.66361E-01  0.00000E+00  1.19908E+00  0.00000E+00  0.00000E+00 -6.68693E+00
 THETA3        4.73112E-02  1.21784E+01  2.08771E-03 -2.17335E-03 -3.79137E-03 -3.23933E-02 -7.23137E-02  1.30169E-04  2.76793E-04 -8.08759E-05 -1.30402E-03 -8.06796E-05 -2.25647E-04  3.21726E-03  2.41997E-04  6.86305E-03 -2.08266E-05  0.00000E+00  3.68362E-03  4.30375E-05  0.00000E+00 -5.51766E-04  0.00000E+00  0.00000E+00 -1.15771E-03
 THETA4       -3.18520E-02 -1.28491E+01 -2.17335E-03  1.05417E-02  5.11216E-03 -7.63914E-03 -3.08232E-01 -1.26245E-04  7.02869E-04  6.65138E-04  3.63920E-04  3.13921E-04  8.75732E-04 -2.86048E-03 -2.99591E-04 -6.86451E-03 -7.74790E-06  0.00000E+00 -2.72469E-03 -2.03747E-04  0.00000E+00  2.52910E-04  0.00000E+00  0.00000E+00  8.20738E-04
 THETA5       -1.32885E-01 -2.49866E+01 -3.79137E-03  5.11216E-03  8.49490E-03  4.60012E-02  1.45987E+00 -2.30431E-04 -5.81301E-04 -8.43688E-05  3.25849E-03 -5.74015E-04  6.40380E-04 -6.30330E-03 -5.68332E-04 -1.21286E-02  4.37371E-05  0.00000E+00 -1.42535E-02 -1.02823E-04  0.00000E+00  7.82543E-04  0.00000E+00  0.00000E+00  2.31060E-03
 THETA6       -7.07727E-01 -3.88873E+02 -3.23933E-02 -7.63914E-03  4.60012E-02  2.51163E+01 -2.54377E+02 -2.96242E-02 -4.56157E-02 -1.65235E-04  1.08218E-02 -1.67196E-02  5.37013E-03 -3.18366E-01  1.94297E-02 -2.28831E-01  6.72044E-03  0.00000E+00 -1.39881E+00 -8.67902E-03  0.00000E+00 -1.51052E-01  0.00000E+00  0.00000E+00 -1.88386E-01
 THETA7       -1.55170E+01  3.47345E+03 -7.23137E-02 -3.08232E-01  1.45987E+00 -2.54377E+02  2.62627E+04  7.43715E-01  4.50060E-01 -5.08909E-02  5.57153E-01  7.29693E-01  1.41251E-01  2.79065E+00 -1.96383E+00  1.52582E+00 -1.07787E-01  0.00000E+00 -4.16702E+01  9.42496E-02  0.00000E+00  4.55724E+00  0.00000E+00  0.00000E+00  5.10743E+00
 THETA8        6.17105E-03  7.92744E-01  1.30169E-04 -1.26245E-04 -2.30431E-04 -2.96242E-02  7.43715E-01  4.88404E-04  8.08583E-05 -2.36766E-05 -7.48576E-05 -7.26379E-06 -2.58274E-05  3.79881E-04 -5.57570E-05  4.86717E-04 -1.51823E-05  0.00000E+00 -8.13413E-04  2.37099E-05  0.00000E+00  4.52705E-04  0.00000E+00  0.00000E+00  9.60228E-04
 THETA9        1.84425E-01  5.06235E+00  2.76793E-04  7.02869E-04 -5.81301E-04 -4.56157E-02  4.50060E-01  8.08583E-05  3.29208E-03  4.31424E-05 -4.74582E-04 -4.82791E-04 -7.84750E-04  2.91770E-03  3.01777E-05  9.15194E-04  6.34759E-06  0.00000E+00 -5.16791E-03  7.37741E-05  0.00000E+00  3.58767E-04  0.00000E+00  0.00000E+00  2.33180E-04
 THETA10       6.51826E-02 -2.68185E-01 -8.08759E-05  6.65138E-04 -8.43688E-05 -1.65235E-04 -5.08909E-02 -2.36766E-05  4.31424E-05  1.51202E-03 -3.80948E-04  2.67378E-03 -1.54408E-04 -1.33829E-05 -5.92387E-05 -3.09330E-04 -7.11240E-06  0.00000E+00  9.26551E-04  4.95146E-05  0.00000E+00  8.87546E-06  0.00000E+00  0.00000E+00  6.60387E-05
 THETA11      -7.31756E-02 -8.76334E+00 -1.30402E-03  3.63920E-04  3.25849E-03  1.08218E-02  5.57153E-01 -7.48576E-05 -4.74582E-04 -3.80948E-04  3.28201E-03 -7.39297E-04  4.70967E-04 -2.22483E-03 -1.40789E-04 -4.12211E-03  1.30228E-05  0.00000E+00 -3.48675E-03  2.74321E-05  0.00000E+00  2.48748E-04  0.00000E+00  0.00000E+00  7.27937E-04
 THETA12       4.53275E-02  4.81024E+00 -8.06796E-05  3.13921E-04 -5.74015E-04 -1.67196E-02  7.29693E-01 -7.26379E-06 -4.82791E-04  2.67378E-03 -7.39297E-04  1.01326E-01  1.09724E-04  1.18192E-03 -1.33159E-04 -2.76328E-04  3.63614E-05  0.00000E+00  2.99176E-03  9.24468E-05  0.00000E+00  1.54719E-03  0.00000E+00  0.00000E+00  7.58952E-04
 THETA13      -1.29762E-01 -1.15439E+00 -2.25647E-04  8.75732E-04  6.40380E-04  5.37013E-03  1.41251E-01 -2.58274E-05 -7.84750E-04 -1.54408E-04  4.70967E-04  1.09724E-04  4.86545E-03 -4.59861E-04  1.60800E-06 -8.66160E-04  1.27357E-05  0.00000E+00 -1.97644E-03 -1.19016E-04  0.00000E+00  1.95231E-04  0.00000E+00  0.00000E+00  2.96758E-05
 THETA14       2.11852E-01  3.26117E+01  3.21726E-03 -2.86048E-03 -6.30330E-03 -3.18366E-01  2.79065E+00  3.79881E-04  2.91770E-03 -1.33829E-05 -2.22483E-03  1.18192E-03 -4.59861E-04  1.99590E-02  1.34308E-04  1.49011E-02 -8.25654E-05  0.00000E+00  9.83712E-03  2.33738E-04  0.00000E+00  2.20210E-03  0.00000E+00  0.00000E+00 -2.04207E-03
 THETA15      -4.49917E-03  1.22860E+00  2.41997E-04 -2.99591E-04 -5.68332E-04  1.94297E-02 -1.96383E+00 -5.57570E-05  3.01777E-05 -5.92387E-05 -1.40789E-04 -1.33159E-04  1.60800E-06  1.34308E-04  4.26735E-04  5.72566E-04  1.49248E-05  0.00000E+00  9.62728E-04 -1.17733E-05  0.00000E+00 -7.69039E-04  0.00000E+00  0.00000E+00 -8.31329E-04
 THETA16       1.47192E-01  4.01261E+01  6.86305E-03 -6.86451E-03 -1.21286E-02 -2.28831E-01  1.52582E+00  4.86717E-04  9.15194E-04 -3.09330E-04 -4.12211E-03 -2.76328E-04 -8.66160E-04  1.49011E-02  5.72566E-04  2.80274E-02 -1.29497E-04  0.00000E+00  1.14736E-02  1.67966E-04  0.00000E+00 -7.21569E-04  0.00000E+00  0.00000E+00 -4.30853E-03
 SIGMA(1,1)   -2.09080E-04 -1.18760E-01 -2.08266E-05 -7.74790E-06  4.37371E-05  6.72044E-03 -1.07787E-01 -1.51823E-05  6.34759E-06 -7.11240E-06  1.30228E-05  3.63614E-05  1.27357E-05 -8.25654E-05  1.49248E-05 -1.29497E-04  2.02823E-05  0.00000E+00 -7.21805E-04 -2.97893E-06  0.00000E+00 -2.99740E-05  0.00000E+00  0.00000E+00 -4.32840E-05
 SIGMA(2,1)    0.00000E+00  0.00000E+00  0.00000E+00  0.00000E+00  0.00000E+00  0.00000E+00  0.00000E+00  0.00000E+00  0.00000E+00  0.00000E+00  0.00000E+00  0.00000E+00  0.00000E+00  0.00000E+00  0.00000E+00  0.00000E+00  0.00000E+00  0.00000E+00  0.00000E+00  0.00000E+00  0.00000E+00  0.00000E+00  0.00000E+00  0.00000E+00  0.00000E+00
 SIGMA(2,2)    3.79237E-01  2.96053E+01  3.68362E-03 -2.72469E-03 -1.42535E-02 -1.39881E+00 -4.16702E+01 -8.13413E-04 -5.16791E-03  9.26551E-04 -3.48675E-03  2.99176E-03 -1.97644E-03  9.83712E-03  9.62728E-04  1.14736E-02 -7.21805E-04  0.00000E+00  1.04643E+00  1.56395E-03  0.00000E+00  6.26131E-03  0.00000E+00  0.00000E+00 -2.80359E-03
 OMEGA(1,1)    1.81688E-02  6.66361E-01  4.30375E-05 -2.03747E-04 -1.02823E-04 -8.67902E-03  9.42496E-02  2.37099E-05  7.37741E-05  4.95146E-05  2.74321E-05  9.24468E-05 -1.19016E-04  2.33738E-04 -1.17733E-05  1.67966E-04 -2.97893E-06  0.00000E+00  1.56395E-03  1.70427E-04  0.00000E+00  1.86312E-04  0.00000E+00  0.00000E+00  1.98297E-04
 OMEGA(2,1)    0.00000E+00  0.00000E+00  0.00000E+00  0.00000E+00  0.00000E+00  0.00000E+00  0.00000E+00  0.00000E+00  0.00000E+00  0.00000E+00  0.00000E+00  0.00000E+00  0.00000E+00  0.00000E+00  0.00000E+00  0.00000E+00  0.00000E+00  0.00000E+00  0.00000E+00  0.00000E+00  0.00000E+00  0.00000E+00  0.00000E+00  0.00000E+00  0.00000E+00
 OMEGA(2,2)    5.16093E-02  1.19908E+00 -5.51766E-04  2.52910E-04  7.82543E-04 -1.51052E-01  4.55724E+00  4.52705E-04  3.58767E-04  8.87546E-06  2.48748E-04  1.54719E-03  1.95231E-04  2.20210E-03 -7.69039E-04 -7.21569E-04 -2.99740E-05  0.00000E+00  6.26131E-03  1.86312E-04  0.00000E+00  5.57095E-03  0.00000E+00  0.00000E+00  4.02075E-03
 OMEGA(3,1)    0.00000E+00  0.00000E+00  0.00000E+00  0.00000E+00  0.00000E+00  0.00000E+00  0.00000E+00  0.00000E+00  0.00000E+00  0.00000E+00  0.00000E+00  0.00000E+00  0.00000E+00  0.00000E+00  0.00000E+00  0.00000E+00  0.00000E+00  0.00000E+00  0.00000E+00  0.00000E+00  0.00000E+00  0.00000E+00  0.00000E+00  0.00000E+00  0.00000E+00
 OMEGA(3,2)    0.00000E+00  0.00000E+00  0.00000E+00  0.00000E+00  0.00000E+00  0.00000E+00  0.00000E+00  0.00000E+00  0.00000E+00  0.00000E+00  0.00000E+00  0.00000E+00  0.00000E+00  0.00000E+00  0.00000E+00  0.00000E+00  0.00000E+00  0.00000E+00  0.00000E+00  0.00000E+00  0.00000E+00  0.00000E+00  0.00000E+00  0.00000E+00  0.00000E+00
 OMEGA(3,3)    2.40648E-02 -6.68693E+00 -1.15771E-03  8.20738E-04  2.31060E-03 -1.88386E-01  5.10743E+00  9.60228E-04  2.33180E-04  6.60387E-05  7.27937E-04  7.58952E-04  2.96758E-05 -2.04207E-03 -8.31329E-04 -4.30853E-03 -4.32840E-05  0.00000E+00 -2.80359E-03  1.98297E-04  0.00000E+00  4.02075E-03  0.00000E+00  0.00000E+00  1.10247E-02
