TABLE NO.     1: First Order Conditional Estimation with Interaction: Problem=1 Subproblem=0 Superproblem1=0 Iteration1=0 Superproblem2=0 Iteration2=0
 NAME         THETA1       THETA2       THETA3       THETA4       THETA5       THETA6       THETA7       THETA8       THETA9       THETA10      THETA11      THETA12      THETA13      THETA14      THETA15      THETA16      SIGMA(1,1)   SIGMA(2,1)   SIGMA(2,2)   OMEGA(1,1)   OMEGA(2,1)   OMEGA(2,2)   OMEGA(3,1)   OMEGA(3,2)   OMEGA(3,3)
 THETA1        5.42220E+00  3.98541E-01  1.90965E-01 -5.72144E-02 -2.65903E-01 -2.60443E-02 -1.76588E-02  5.14984E-02  5.92801E-01  3.09156E-01 -2.35570E-01  2.62619E-02 -3.43091E-01  2.76559E-01 -4.01678E-02  1.62150E-01 -8.56204E-03  0.00000E+00  6.83725E-02  2.56673E-01  0.00000E+00  1.27523E-01  0.00000E+00  0.00000E+00  4.22690E-02
 THETA2        3.98541E-01  3.32817E+02  8.00846E-01 -3.76022E-01 -8.14560E-01 -2.33144E-01  6.44000E-02  1.07780E-01  2.65101E-01 -2.07229E-02 -4.59615E-01  4.54047E-02 -4.97264E-02  6.93582E-01  1.78700E-01  7.20161E-01 -7.92329E-02  0.00000E+00  8.69581E-02  1.53368E-01  0.00000E+00  4.82698E-02  0.00000E+00  0.00000E+00 -1.91354E-01
 THETA3        1.90965E-01  8.00846E-01  4.56915E-02 -4.63275E-01 -9.00288E-01 -1.41463E-01 -9.76596E-03  1.28909E-01  1.05581E-01 -4.55202E-02 -4.98170E-01 -5.54713E-03 -7.07998E-02  4.98404E-01  2.56386E-01  8.97202E-01 -1.01210E-01  0.00000E+00  7.88106E-02  7.21509E-02  0.00000E+00 -1.61791E-01  0.00000E+00  0.00000E+00 -2.41313E-01
 THETA4       -5.72144E-02 -3.76022E-01 -4.63275E-01  1.02673E-01  5.40219E-01 -1.48461E-02 -1.85248E-02 -5.56378E-02  1.19312E-01  1.66601E-01  6.18700E-02  9.60516E-03  1.22280E-01 -1.97203E-01 -1.41252E-01 -3.99358E-01 -1.67560E-02  0.00000E+00 -2.59423E-02 -1.52008E-01  0.00000E+00  3.30025E-02  0.00000E+00  0.00000E+00  7.61317E-02
 THETA5       -2.65903E-01 -8.14560E-01 -9.00288E-01  5.40219E-01  9.21678E-02  9.95892E-02  9.77380E-02 -1.13128E-01 -1.09923E-01 -2.35409E-02  6.17117E-01 -1.95652E-02  9.96086E-02 -4.84082E-01 -2.98500E-01 -7.86029E-01  1.05369E-01  0.00000E+00 -1.51178E-01 -8.54558E-02  0.00000E+00  1.13753E-01  0.00000E+00  0.00000E+00  2.38760E-01
 THETA6       -2.60443E-02 -2.33144E-01 -1.41463E-01 -1.48461E-02  9.95892E-02  5.01162E+00 -3.13206E-01 -2.67473E-01 -1.58636E-01 -8.47901E-04  3.76923E-02 -1.04806E-02  1.53619E-02 -4.49655E-01  1.87676E-01 -2.72739E-01  2.97756E-01  0.00000E+00 -2.72852E-01 -1.32655E-01  0.00000E+00 -4.03816E-01  0.00000E+00  0.00000E+00 -3.58003E-01
 THETA7       -1.76588E-02  6.44000E-02 -9.76596E-03 -1.85248E-02  9.77380E-02 -3.13206E-01  1.62058E+02  2.07657E-01  4.84022E-02 -8.07591E-03  6.00115E-02  1.41452E-02  1.24957E-02  1.21890E-01 -5.86617E-01  5.62396E-02 -1.47685E-01  0.00000E+00 -2.51363E-01  4.45492E-02  0.00000E+00  3.76762E-01  0.00000E+00  0.00000E+00  3.00157E-01
 THETA8        5.14984E-02  1.07780E-01  1.28909E-01 -5.56378E-02 -1.13128E-01 -2.67473E-01  2.07657E-01  2.20999E-02  6.37676E-02 -2.75518E-02 -5.91257E-02 -1.03256E-03 -1.67544E-02  1.21671E-01 -1.22132E-01  1.31551E-01 -1.52542E-01  0.00000E+00 -3.59805E-02  8.21809E-02  0.00000E+00  2.74449E-01  0.00000E+00  0.00000E+00  4.13810E-01
 THETA9        5.92801E-01  2.65101E-01  1.05581E-01  1.19312E-01 -1.09923E-01 -1.58636E-01  4.84022E-02  6.37676E-02  5.73766E-02  1.93371E-02 -1.44380E-01 -2.64340E-02 -1.96081E-01  3.59945E-01  2.54608E-02  9.52767E-02  2.45649E-02  0.00000E+00 -8.80494E-02  9.84916E-02  0.00000E+00  8.37748E-02  0.00000E+00  0.00000E+00  3.87056E-02
 THETA10       3.09156E-01 -2.07229E-02 -4.55202E-02  1.66601E-01 -2.35409E-02 -8.47901E-04 -8.07591E-03 -2.75518E-02  1.93371E-02  3.88847E-02 -1.71008E-01  2.16016E-01 -5.69283E-02 -2.43613E-03 -7.37474E-02 -4.75174E-02 -4.06143E-02  0.00000E+00  2.32936E-02  9.75404E-02  0.00000E+00  3.05807E-03  0.00000E+00  0.00000E+00  1.61747E-02
 THETA11      -2.35570E-01 -4.59615E-01 -4.98170E-01  6.18700E-02  6.17117E-01  3.76923E-02  6.00115E-02 -5.91257E-02 -1.44380E-01 -1.71008E-01  5.72888E-02 -4.05405E-02  1.17858E-01 -2.74889E-01 -1.18965E-01 -4.29792E-01  5.04748E-02  0.00000E+00 -5.94973E-02  3.66792E-02  0.00000E+00  5.81735E-02  0.00000E+00  0.00000E+00  1.21015E-01
 THETA12       2.62619E-02  4.54047E-02 -5.54713E-03  9.60516E-03 -1.95652E-02 -1.04806E-02  1.41452E-02 -1.03256E-03 -2.64340E-02  2.16016E-01 -4.05405E-02  3.18317E-01  4.94175E-03  2.62821E-02 -2.02502E-02 -5.18529E-03  2.53642E-02  0.00000E+00  9.18780E-03  2.22465E-02  0.00000E+00  6.51207E-02  0.00000E+00  0.00000E+00  2.27075E-02
 THETA13      -3.43091E-01 -4.97264E-02 -7.07998E-02  1.22280E-01  9.96086E-02  1.53619E-02  1.24957E-02 -1.67544E-02 -1.96081E-01 -5.69283E-02  1.17858E-01  4.94175E-03  6.97528E-02 -4.66655E-02  1.11595E-03 -7.41729E-02  4.05419E-02  0.00000E+00 -2.76993E-02 -1.30700E-01  0.00000E+00  3.74993E-02  0.00000E+00  0.00000E+00  4.05189E-03
 THETA14       2.76559E-01  6.93582E-01  4.98404E-01 -1.97203E-01 -4.84082E-01 -4.49655E-01  1.21890E-01  1.21671E-01  3.59945E-01 -2.43613E-03 -2.74889E-01  2.62821E-02 -4.66655E-02  1.41276E-01  4.60206E-02  6.30024E-01 -1.29769E-01  0.00000E+00  6.80682E-02  1.26733E-01  0.00000E+00  2.08834E-01  0.00000E+00  0.00000E+00 -1.37663E-01
 THETA15      -4.01678E-02  1.78700E-01  2.56386E-01 -1.41252E-01 -2.98500E-01  1.87676E-01 -5.86617E-01 -1.22132E-01  2.54608E-02 -7.37474E-02 -1.18965E-01 -2.02502E-02  1.11595E-03  4.60206E-02  2.06576E-02  1.65560E-01  1.60425E-01  0.00000E+00  4.55586E-02 -4.36566E-02  0.00000E+00 -4.98774E-01  0.00000E+00  0.00000E+00 -3.83275E-01
 THETA16       1.62150E-01  7.20161E-01  8.97202E-01 -3.99358E-01 -7.86029E-01 -2.72739E-01  5.62396E-02  1.31551E-01  9.52767E-02 -4.75174E-02 -4.29792E-01 -5.18529E-03 -7.41729E-02  6.30024E-01  1.65560E-01  1.67414E-01 -1.71755E-01  0.00000E+00  6.69966E-02  7.68531E-02  0.00000E+00 -5.77460E-02  0.00000E+00  0.00000E+00 -2.45106E-01
 SIGMA(1,1)   -8.56204E-03 -7.92329E-02 -1.01210E-01 -1.67560E-02  1.05369E-01  2.97756E-01 -1.47685E-01 -1.52542E-01  2.45649E-02 -4.06143E-02  5.04748E-02  2.53642E-02  4.05419E-02 -1.29769E-01  1.60425E-01 -1.71755E-01  4.50359E-03  0.00000E+00 -1.56678E-01 -5.06678E-02  0.00000E+00 -8.91706E-02  0.00000E+00  0.00000E+00 -9.15346E-02
 SIGMA(2,1)    0.00000E+00  0.00000E+00  0.00000E+00  0.00000E+00  0.00000E+00  0.00000E+00  0.00000E+00  0.00000E+00  0.00000E+00  0.00000E+00  0.00000E+00  0.00000E+00  0.00000E+00  0.00000E+00  0.00000E+00  0.00000E+00  0.00000E+00  0.00000E+00  0.00000E+00  0.00000E+00  0.00000E+00  0.00000E+00  0.00000E+00  0.00000E+00  0.00000E+00
 SIGMA(2,2)    6.83725E-02  8.69581E-02  7.88106E-02 -2.59423E-02 -1.51178E-01 -2.72852E-01 -2.51363E-01 -3.59805E-02 -8.80494E-02  2.32936E-02 -5.94973E-02  9.18780E-03 -2.76993E-02  6.80682E-02  4.55586E-02  6.69966E-02 -1.56678E-01  0.00000E+00  1.02295E+00  1.17112E-01  0.00000E+00  8.20061E-02  0.00000E+00  0.00000E+00 -2.61022E-02
 OMEGA(1,1)    2.56673E-01  1.53368E-01  7.21509E-02 -1.52008E-01 -8.54558E-02 -1.32655E-01  4.45492E-02  8.21809E-02  9.84916E-02  9.75404E-02  3.66792E-02  2.22465E-02 -1.30700E-01  1.26733E-01 -4.36566E-02  7.68531E-02 -5.06678E-02  0.00000E+00  1.17112E-01  1.30548E-02  0.00000E+00  1.91208E-01  0.00000E+00  0.00000E+00  1.44665E-01
 OMEGA(2,1)    0.00000E+00  0.00000E+00  0.00000E+00  0.00000E+00  0.00000E+00  0.00000E+00  0.00000E+00  0.00000E+00  0.00000E+00  0.00000E+00  0.00000E+00  0.00000E+00  0.00000E+00  0.00000E+00  0.00000E+00  0.00000E+00  0.00000E+00  0.00000E+00  0.00000E+00  0.00000E+00  0.00000E+00  0.00000E+00  0.00000E+00  0.00000E+00  0.00000E+00
 OMEGA(2,2)    1.27523E-01  4.82698E-02 -1.61791E-01  3.30025E-02  1.13753E-01 -4.03816E-01  3.76762E-01  2.74449E-01  8.37748E-02  3.05807E-03  5.81735E-02  6.51207E-02  3.74993E-02  2.08834E-01 -4.98774E-01 -5.77460E-02 -8.91706E-02  0.00000E+00  8.20061E-02  1.91208E-01  0.00000E+00  7.46388E-02  0.00000E+00  0.00000E+00  5.13049E-01
 OMEGA(3,1)    0.00000E+00  0.00000E+00  0.00000E+00  0.00000E+00  0.00000E+00  0.00000E+00  0.00000E+00  0.00000E+00  0.00000E+00  0.00000E+00  0.00000E+00  0.00000E+00  0.00000E+00  0.00000E+00  0.00000E+00  0.00000E+00  0.00000E+00  0.00000E+00  0.00000E+00  0.00000E+00  0.00000E+00  0.00000E+00  0.00000E+00  0.00000E+00  0.00000E+00
 OMEGA(3,2)    0.00000E+00  0.00000E+00  0.00000E+00  0.00000E+00  0.00000E+00  0.00000E+00  0.00000E+00  0.00000E+00  0.00000E+00  0.00000E+00  0.00000E+00  0.00000E+00  0.00000E+00  0.00000E+00  0.00000E+00  0.00000E+00  0.00000E+00  0.00000E+00  0.00000E+00  0.00000E+00  0.00000E+00  0.00000E+00  0.00000E+00  0.00000E+00  0.00000E+00
 OMEGA(3,3)    4.22690E-02 -1.91354E-01 -2.41313E-01  7.61317E-02  2.38760E-01 -3.58003E-01  3.00157E-01  4.13810E-01  3.87056E-02  1.61747E-02  1.21015E-01  2.27075E-02  4.05189E-03 -1.37663E-01 -3.83275E-01 -2.45106E-01 -9.15346E-02  0.00000E+00 -2.61022E-02  1.44665E-01  0.00000E+00  5.13049E-01  0.00000E+00  0.00000E+00  1.04999E-01
