TABLE NO.     1: First Order Conditional Estimation with Interaction: Problem=1 Subproblem=0 Superproblem1=0 Iteration1=0 Superproblem2=0 Iteration2=0
 NAME         THETA1       THETA2       THETA3       THETA4       THETA5       THETA6       THETA7       SIGMA(1,1)   SIGMA(2,1)   SIGMA(2,2)   OMEGA(1,1)   OMEGA(2,1)   OMEGA(2,2)   OMEGA(3,1)   OMEGA(3,2)   OMEGA(3,3)
 THETA1        8.44262E+00 -2.88808E+00 -5.43291E+02  1.09854E+01  2.92037E-03  2.98752E+01  1.33767E+01 -3.33544E+02  0.00000E+00 -1.76616E+01 -4.29865E+01  4.67293E+01 -1.58358E+00 -1.08028E+02  1.26750E+02  1.01252E+02
 THETA2       -2.88808E+00  1.79190E+00  3.37757E+02 -6.69537E+00 -1.26834E-02 -8.38894E+00 -5.01616E+00  2.21380E+02  0.00000E+00  7.07164E+00  1.75333E+01 -8.79832E+00 -1.46850E+00  7.22090E+01 -3.71932E+01 -1.21533E+01
 THETA3       -5.43291E+02  3.37757E+02  3.22352E+05 -2.81891E+03  9.95263E+00 -6.38600E+02 -9.10815E+02  8.46652E+04  0.00000E+00  3.31531E+03  6.95855E+03  1.03389E+03 -2.09332E+03  5.15600E+04 -2.95365E+04  9.91264E+02
 THETA4        1.09854E+01 -6.69537E+00 -2.81891E+03  4.40423E+01 -7.70703E-02  4.86768E+01  1.24666E+01 -9.56580E+02  0.00000E+00 -4.26037E+01 -1.54561E+02  1.26247E+02 -2.76243E+01 -3.57934E+02  2.59043E+02 -1.12317E+01
 THETA5        2.92037E-03 -1.26834E-02  9.95263E+00 -7.70703E-02  3.70618E-03 -2.30640E-01  3.44777E-02 -3.24149E+00  0.00000E+00  2.47230E-01  5.45934E-01 -1.88094E+00  1.30250E+00  7.19994E-01 -1.65916E+00  1.65246E-01
 THETA6        2.98752E+01 -8.38894E+00 -6.38600E+02  4.86768E+01 -2.30640E-01  3.15160E+02  2.20718E+01 -8.62495E+02  0.00000E+00 -4.83150E+01 -4.66479E+02  1.05524E+03 -7.33557E+02  7.26556E+02 -2.64681E+02  4.14926E+02
 THETA7        1.33767E+01 -5.01616E+00 -9.10815E+02  1.24666E+01  3.44777E-02  2.20718E+01  4.06484E+01 -5.50846E+02  0.00000E+00 -1.78227E+01  8.90869E-01  3.71941E+01  1.69841E+01 -4.20216E+02  3.07562E+02  1.73729E+02
 SIGMA(1,1)   -3.33544E+02  2.21380E+02  8.46652E+04 -9.56580E+02 -3.24149E+00 -8.62495E+02 -5.50846E+02  9.50587E+04  0.00000E+00  3.28214E+03  2.90468E+03 -6.92141E+02  1.63170E+03  1.43210E+04 -3.45157E+03  4.46438E+03
 SIGMA(2,1)    0.00000E+00  0.00000E+00  0.00000E+00  0.00000E+00  0.00000E+00  0.00000E+00  0.00000E+00  0.00000E+00  0.00000E+00  0.00000E+00  0.00000E+00  0.00000E+00  0.00000E+00  0.00000E+00  0.00000E+00  0.00000E+00
 SIGMA(2,2)   -1.76616E+01  7.07164E+00  3.31531E+03 -4.26037E+01  2.47230E-01 -4.83150E+01 -1.78227E+01  3.28214E+03  0.00000E+00  4.16624E+02  1.78043E+02 -2.37942E+02  1.21159E+02  7.04750E+02 -5.73107E+02  3.15806E+02
 OMEGA(1,1)   -4.29865E+01  1.75333E+01  6.95855E+03 -1.54561E+02  5.45934E-01 -4.66479E+02  8.90869E-01  2.90468E+03  0.00000E+00  1.78043E+02  1.73370E+03 -2.80763E+03  1.74841E+03 -2.53078E+02 -3.28522E+01 -1.01585E+02
 OMEGA(2,1)    4.67293E+01 -8.79832E+00  1.03389E+03  1.26247E+02 -1.88094E+00  1.05524E+03  3.71941E+01 -6.92141E+02  0.00000E+00 -2.37942E+02 -2.80763E+03  1.19904E+04 -9.41491E+03  5.64231E+03 -7.18458E+03  1.03716E+02
 OMEGA(2,2)   -1.58358E+00 -1.46850E+00 -2.09332E+03 -2.76243E+01  1.30250E+00 -7.33557E+02  1.69841E+01  1.63170E+03  0.00000E+00  1.21159E+02  1.74841E+03 -9.41491E+03  9.28953E+03 -5.69868E+03  7.46705E+03  1.17900E+03
 OMEGA(3,1)   -1.08028E+02  7.22090E+01  5.15600E+04 -3.57934E+02  7.19994E-01  7.26556E+02 -4.20216E+02  1.43210E+04  0.00000E+00  7.04750E+02 -2.53078E+02  5.64231E+03 -5.69868E+03  1.96501E+04 -1.47072E+04 -1.03460E+02
 OMEGA(3,2)    1.26750E+02 -3.71932E+01 -2.95365E+04  2.59043E+02 -1.65916E+00 -2.64681E+02  3.07562E+02 -3.45157E+03  0.00000E+00 -5.73107E+02 -3.28522E+01 -7.18458E+03  7.46705E+03 -1.47072E+04  2.21439E+04  1.68698E+03
 OMEGA(3,3)    1.01252E+02 -1.21533E+01  9.91264E+02 -1.12317E+01  1.65246E-01  4.14926E+02  1.73729E+02  4.46438E+03  0.00000E+00  3.15806E+02 -1.01585E+02  1.03716E+02  1.17900E+03 -1.03460E+02  1.68698E+03  7.41708E+03
